<?xml version="1.0" encoding="UTF-8" standalone="no" ?>
<COLLADA xmlns="http://www.collada.org/2005/11/COLLADASchema" version="1.4.1">
    <asset>
        <contributor>
            <authoring_tool>SketchUp 6.4.112</authoring_tool>
        </contributor>
        <created>2017-12-16T00:13:36Z</created>
        <modified>2017-12-16T00:13:36Z</modified>
        <unit meter="0.0254" name="inch" />
        <up_axis>Z_UP</up_axis>
    </asset>
    <library_cameras>
        <camera id="ID1" name="skp_camera_Last_Saved_SketchUp_View">
            <optics>
                <technique_common>
                    <perspective>
                        <yfov>30</yfov>
                        <aspect_ratio>0</aspect_ratio>
                        <znear>1</znear>
                        <zfar>1000</zfar>
                    </perspective>
                </technique_common>
            </optics>
        </camera>
    </library_cameras>
    <library_visual_scenes>
        <visual_scene id="ID2">
            <node name="SketchUp">
                <instance_geometry url="#ID496">
                    <bind_material>
                        <technique_common>
                            <instance_material symbol="Material2" target="#ID497">
                                <bind_vertex_input semantic="UVSET0" input_semantic="TEXCOORD" input_set="0" />
                            </instance_material>
                            <instance_material symbol="Material3" target="#ID502">
                                <bind_vertex_input semantic="UVSET0" input_semantic="TEXCOORD" input_set="0" />
                            </instance_material>
                        </technique_common>
                    </bind_material>
                </instance_geometry>
                <instance_geometry url="#ID506">
                    <bind_material>
                        <technique_common>
                            <instance_material symbol="Material2" target="#ID168">
                                <bind_vertex_input semantic="UVSET0" input_semantic="TEXCOORD" input_set="0" />
                            </instance_material>
                            <instance_material symbol="Material3" target="#ID502">
                                <bind_vertex_input semantic="UVSET0" input_semantic="TEXCOORD" input_set="0" />
                            </instance_material>
                        </technique_common>
                    </bind_material>
                </instance_geometry>
                <instance_geometry url="#ID512">
                    <bind_material>
                        <technique_common>
                            <instance_material symbol="Material2" target="#ID168">
                                <bind_vertex_input semantic="UVSET0" input_semantic="TEXCOORD" input_set="0" />
                            </instance_material>
                        </technique_common>
                    </bind_material>
                </instance_geometry>
                <instance_geometry url="#ID518">
                    <bind_material>
                        <technique_common>
                            <instance_material symbol="Material2" target="#ID502">
                                <bind_vertex_input semantic="UVSET0" input_semantic="TEXCOORD" input_set="0" />
                            </instance_material>
                        </technique_common>
                    </bind_material>
                </instance_geometry>
                <instance_geometry url="#ID524">
                    <bind_material>
                        <technique_common>
                            <instance_material symbol="Material2" target="#ID168">
                                <bind_vertex_input semantic="UVSET0" input_semantic="TEXCOORD" input_set="0" />
                            </instance_material>
                        </technique_common>
                    </bind_material>
                </instance_geometry>
                <instance_geometry url="#ID530">
                    <bind_material>
                        <technique_common>
                            <instance_material symbol="Material2" target="#ID502">
                                <bind_vertex_input semantic="UVSET0" input_semantic="TEXCOORD" input_set="0" />
                            </instance_material>
                        </technique_common>
                    </bind_material>
                </instance_geometry>
                <node name="skp_camera_Last_Saved_SketchUp_View">
                    <matrix>0.7903491 0.03435671 0.6116927 1439.341 0.6126568 -0.04432137 -0.7891054 413.6342 -3.469447e-18 0.9984264 -0.05607823 106.2596 0 0 0 1</matrix>
                    <instance_camera url="#ID1" />
                </node>
                <node id="ID3" name="group_0">
                    <matrix>1 0 0 331.063 0 1 0 1141.419 0 0 1 72 0 0 0 1</matrix>
                    <node id="ID4" name="instance_0">
                        <matrix>1 0 0 0 0 1 0 0 0 0 1 122.433 0 0 0 1</matrix>
                        <instance_node url="#ID5" />
                    </node>
                    <node id="ID105" name="instance_47">
                        <matrix>1 0 0 0 0 1 0 0 0 0 1 0 0 0 0 1</matrix>
                        <instance_node url="#ID5" />
                    </node>
                </node>
                <node id="ID106" name="group_6">
                    <matrix>1 0 0 331.063 0 1 0 1543.419 0 0 1 72 0 0 0 1</matrix>
                    <node id="ID107" name="instance_0">
                        <matrix>1 0 0 0 0 1 0 0 0 0 1 122.433 0 0 0 1</matrix>
                        <instance_node url="#ID5" />
                    </node>
                    <node id="ID108" name="instance_47">
                        <matrix>1 0 0 0 0 1 0 0 0 0 1 0 0 0 0 1</matrix>
                        <instance_node url="#ID5" />
                    </node>
                </node>
                <node id="ID109" name="group_7">
                    <matrix>1 0 0 1046.812 0 1 0 1543.982 0 0 1 72 0 0 0 1</matrix>
                    <node id="ID110" name="instance_0">
                        <matrix>1 0 0 0 0 1 0 0 0 0 1 122.433 0 0 0 1</matrix>
                        <instance_node url="#ID5" />
                    </node>
                    <node id="ID111" name="instance_47">
                        <matrix>1 0 0 0 0 1 0 0 0 0 1 0 0 0 0 1</matrix>
                        <instance_node url="#ID5" />
                    </node>
                </node>
                <node id="ID112" name="group_8">
                    <matrix>1 0 0 1046.812 0 1 0 1141.982 0 0 1 72 0 0 0 1</matrix>
                    <node id="ID113" name="instance_0">
                        <matrix>1 0 0 0 0 1 0 0 0 0 1 122.433 0 0 0 1</matrix>
                        <instance_node url="#ID5" />
                    </node>
                    <node id="ID114" name="instance_47">
                        <matrix>1 0 0 0 0 1 0 0 0 0 1 0 0 0 0 1</matrix>
                        <instance_node url="#ID5" />
                    </node>
                </node>
                <node id="ID115" name="group_9">
                    <matrix>1 0 0 1046.866 0 -4.590078e-15 1 1106.982 0 -1 -4.590078e-15 333.8659 0 0 0 1</matrix>
                    <node id="ID116" name="instance_0">
                        <matrix>1 0 0 0 0 1 0 0 0 0 1 122.433 0 0 0 1</matrix>
                        <instance_node url="#ID5" />
                    </node>
                    <node id="ID117" name="instance_47">
                        <matrix>1 0 0 0 0 1 0 0 0 0 1 0 0 0 0 1</matrix>
                        <instance_node url="#ID5" />
                    </node>
                </node>
                <node id="ID118" name="group_10">
                    <matrix>1 0 0 1046.866 0 -4.590078e-15 1 1350.062 0 -1 -4.590078e-15 333.8659 0 0 0 1</matrix>
                    <node id="ID119" name="instance_0">
                        <matrix>1 0 0 0 0 1 0 0 0 0 1 122.433 0 0 0 1</matrix>
                        <instance_node url="#ID5" />
                    </node>
                    <node id="ID120" name="instance_47">
                        <matrix>1 0 0 0 0 1 0 0 0 0 1 0 0 0 0 1</matrix>
                        <instance_node url="#ID5" />
                    </node>
                </node>
                <node id="ID121" name="group_11">
                    <matrix>1 0 0 331.1177 0 1 0 1106.419 0 0 1 316.8148 0 0 0 1</matrix>
                    <node id="ID122" name="group_12">
                        <matrix>1 0 0 0 0 -4.590078e-15 1 243.0795 0 -1 -4.590078e-15 17.05117 0 0 0 1</matrix>
                        <node id="ID123" name="instance_0">
                            <matrix>1 0 0 0 0 1 0 0 0 0 1 122.433 0 0 0 1</matrix>
                            <instance_node url="#ID5" />
                        </node>
                        <node id="ID124" name="instance_47">
                            <matrix>1 0 0 0 0 1 0 0 0 0 1 0 0 0 0 1</matrix>
                            <instance_node url="#ID5" />
                        </node>
                    </node>
                    <node id="ID125" name="group_13">
                        <matrix>1 0 0 0 0 -4.590078e-15 1 0 0 -1 -4.590078e-15 17.05117 0 0 0 1</matrix>
                        <node id="ID126" name="instance_0">
                            <matrix>1 0 0 0 0 1 0 0 0 0 1 122.433 0 0 0 1</matrix>
                            <instance_node url="#ID5" />
                        </node>
                        <node id="ID127" name="instance_47">
                            <matrix>1 0 0 0 0 1 0 0 0 0 1 0 0 0 0 1</matrix>
                            <instance_node url="#ID5" />
                        </node>
                    </node>
                </node>
                <node id="ID128" name="group_14">
                    <matrix>2.845078e-13 -1 0 819.1144 1 2.845078e-13 0 1593.783 -0 0 1 316.8488 0 0 0 1</matrix>
                    <node id="ID129" name="group_12">
                        <matrix>1 0 0 0 0 -4.590078e-15 1 243.0795 0 -1 -4.590078e-15 17.05117 0 0 0 1</matrix>
                        <node id="ID130" name="instance_0">
                            <matrix>1 0 0 0 0 1 0 0 0 0 1 122.433 0 0 0 1</matrix>
                            <instance_node url="#ID5" />
                        </node>
                        <node id="ID131" name="instance_47">
                            <matrix>1 0 0 0 0 1 0 0 0 0 1 0 0 0 0 1</matrix>
                            <instance_node url="#ID5" />
                        </node>
                    </node>
                    <node id="ID132" name="group_13">
                        <matrix>1 0 0 0 0 -4.590078e-15 1 0 0 -1 -4.590078e-15 17.05117 0 0 0 1</matrix>
                        <node id="ID133" name="instance_0">
                            <matrix>1 0 0 0 0 1 0 0 0 0 1 122.433 0 0 0 1</matrix>
                            <instance_node url="#ID5" />
                        </node>
                        <node id="ID134" name="instance_47">
                            <matrix>1 0 0 0 0 1 0 0 0 0 1 0 0 0 0 1</matrix>
                            <instance_node url="#ID5" />
                        </node>
                    </node>
                </node>
                <node id="ID135" name="group_15">
                    <matrix>1.261075e-13 -0 1 819.1144 0 1 0 1593.838 -1 0 1.261075e-13 333.9017 0 0 0 1</matrix>
                    <node id="ID136" name="instance_0">
                        <matrix>1 0 0 0 0 1 0 0 0 0 1 122.433 0 0 0 1</matrix>
                        <instance_node url="#ID5" />
                    </node>
                    <node id="ID137" name="instance_47">
                        <matrix>1 0 0 0 0 1 0 0 0 0 1 0 0 0 0 1</matrix>
                        <instance_node url="#ID5" />
                    </node>
                </node>
                <node id="ID138" name="group_16">
                    <matrix>1.261075e-13 -0 1 819.0175 0 1 0 1089.982 -1 0 1.261075e-13 333.8831 0 0 0 1</matrix>
                    <node id="ID139" name="instance_0">
                        <matrix>1 0 0 0 0 1 0 0 0 0 1 122.433 0 0 0 1</matrix>
                        <instance_node url="#ID5" />
                    </node>
                    <node id="ID140" name="instance_47">
                        <matrix>1 0 0 0 0 1 0 0 0 0 1 0 0 0 0 1</matrix>
                        <instance_node url="#ID5" />
                    </node>
                </node>
                <node id="ID141" name="group_17">
                    <matrix>2.845078e-13 -1 0 819.0175 1 2.845078e-13 0 1089.928 -0 0 1 316.8302 0 0 0 1</matrix>
                    <node id="ID142" name="group_12">
                        <matrix>1 0 0 0 0 -4.590078e-15 1 243.0795 0 -1 -4.590078e-15 17.05117 0 0 0 1</matrix>
                        <node id="ID143" name="instance_0">
                            <matrix>1 0 0 0 0 1 0 0 0 0 1 122.433 0 0 0 1</matrix>
                            <instance_node url="#ID5" />
                        </node>
                        <node id="ID144" name="instance_47">
                            <matrix>1 0 0 0 0 1 0 0 0 0 1 0 0 0 0 1</matrix>
                            <instance_node url="#ID5" />
                        </node>
                    </node>
                    <node id="ID145" name="group_13">
                        <matrix>1 0 0 0 0 -4.590078e-15 1 0 0 -1 -4.590078e-15 17.05117 0 0 0 1</matrix>
                        <node id="ID146" name="instance_0">
                            <matrix>1 0 0 0 0 1 0 0 0 0 1 122.433 0 0 0 1</matrix>
                            <instance_node url="#ID5" />
                        </node>
                        <node id="ID147" name="instance_47">
                            <matrix>1 0 0 0 0 1 0 0 0 0 1 0 0 0 0 1</matrix>
                            <instance_node url="#ID5" />
                        </node>
                    </node>
                </node>
                <node id="ID148" name="group_18">
                    <matrix>1 0 0 865.8664 0 -4.590078e-15 1 1350.062 0 -1 -4.590078e-15 333.8659 0 0 0 1</matrix>
                    <node id="ID149" name="instance_0">
                        <matrix>1 0 0 0 0 1 0 0 0 0 1 122.433 0 0 0 1</matrix>
                        <instance_node url="#ID5" />
                    </node>
                    <node id="ID150" name="instance_47">
                        <matrix>1 0 0 0 0 1 0 0 0 0 1 0 0 0 0 1</matrix>
                        <instance_node url="#ID5" />
                    </node>
                </node>
                <node id="ID151" name="group_19">
                    <matrix>1 0 0 865.8664 0 -4.590078e-15 1 1106.982 0 -1 -4.590078e-15 333.8659 0 0 0 1</matrix>
                    <node id="ID152" name="instance_0">
                        <matrix>1 0 0 0 0 1 0 0 0 0 1 122.433 0 0 0 1</matrix>
                        <instance_node url="#ID5" />
                    </node>
                    <node id="ID153" name="instance_47">
                        <matrix>1 0 0 0 0 1 0 0 0 0 1 0 0 0 0 1</matrix>
                        <instance_node url="#ID5" />
                    </node>
                </node>
                <node id="ID154" name="group_20">
                    <matrix>1 0 0 684.8664 0 -4.590078e-15 1 1350.062 0 -1 -4.590078e-15 333.8659 0 0 0 1</matrix>
                    <node id="ID155" name="instance_0">
                        <matrix>1 0 0 0 0 1 0 0 0 0 1 122.433 0 0 0 1</matrix>
                        <instance_node url="#ID5" />
                    </node>
                    <node id="ID156" name="instance_47">
                        <matrix>1 0 0 0 0 1 0 0 0 0 1 0 0 0 0 1</matrix>
                        <instance_node url="#ID5" />
                    </node>
                </node>
                <node id="ID157" name="group_21">
                    <matrix>1 0 0 684.8664 0 -4.590078e-15 1 1106.982 0 -1 -4.590078e-15 333.8659 0 0 0 1</matrix>
                    <node id="ID158" name="instance_0">
                        <matrix>1 0 0 0 0 1 0 0 0 0 1 122.433 0 0 0 1</matrix>
                        <instance_node url="#ID5" />
                    </node>
                    <node id="ID159" name="instance_47">
                        <matrix>1 0 0 0 0 1 0 0 0 0 1 0 0 0 0 1</matrix>
                        <instance_node url="#ID5" />
                    </node>
                </node>
                <node id="ID160" name="group_22">
                    <matrix>1 0 0 503.8664 0 -4.590078e-15 1 1350.062 0 -1 -4.590078e-15 333.8659 0 0 0 1</matrix>
                    <node id="ID161" name="instance_0">
                        <matrix>1 0 0 0 0 1 0 0 0 0 1 122.433 0 0 0 1</matrix>
                        <instance_node url="#ID5" />
                    </node>
                    <node id="ID162" name="instance_47">
                        <matrix>1 0 0 0 0 1 0 0 0 0 1 0 0 0 0 1</matrix>
                        <instance_node url="#ID5" />
                    </node>
                </node>
                <node id="ID163" name="group_23">
                    <matrix>1 0 0 503.8664 0 -4.590078e-15 1 1106.982 0 -1 -4.590078e-15 333.8659 0 0 0 1</matrix>
                    <node id="ID164" name="instance_0">
                        <matrix>1 0 0 0 0 1 0 0 0 0 1 122.433 0 0 0 1</matrix>
                        <instance_node url="#ID5" />
                    </node>
                    <node id="ID165" name="instance_47">
                        <matrix>1 0 0 0 0 1 0 0 0 0 1 0 0 0 0 1</matrix>
                        <instance_node url="#ID5" />
                    </node>
                </node>
                <node id="ID166" name="group_24">
                    <matrix>1 0 0 1074.331 0 1 0 1292.135 0 0 1 0 0 0 0 1</matrix>
                    <instance_geometry url="#ID167">
                        <bind_material>
                            <technique_common>
                                <instance_material symbol="Material2" target="#ID168">
                                    <bind_vertex_input semantic="UVSET0" input_semantic="TEXCOORD" input_set="0" />
                                </instance_material>
                            </technique_common>
                        </bind_material>
                    </instance_geometry>
                </node>
                <node id="ID175" name="group_25">
                    <matrix>1 -0 0 834.7075 0 0.860742 -0.5090414 1246.056 0 0.5090414 0.860742 -22.33013 0 0 0 1</matrix>
                    <instance_geometry url="#ID176">
                        <bind_material>
                            <technique_common>
                                <instance_material symbol="Material2" target="#ID177">
                                    <bind_vertex_input semantic="UVSET0" input_semantic="TEXCOORD" input_set="0" />
                                </instance_material>
                            </technique_common>
                        </bind_material>
                    </instance_geometry>
                </node>
                <node id="ID184" name="group_26">
                    <matrix>1 0 0 413.9548 0 0.7071068 -0.7990307 1354.427 0 0.7071068 0.7990307 -9.862686 0 0 0 1</matrix>
                    <instance_geometry url="#ID185">
                        <bind_material>
                            <technique_common>
                                <instance_material symbol="Material2" target="#ID186">
                                    <bind_vertex_input semantic="UVSET0" input_semantic="TEXCOORD" input_set="0" />
                                </instance_material>
                            </technique_common>
                        </bind_material>
                    </instance_geometry>
                </node>
                <node id="ID193" name="group_27">
                    <matrix>1 0 0 660.5005 0 0.8326324 -0.5246035 1250.803 0 0.5538261 0.7886986 2.649086 0 0 0 1</matrix>
                    <instance_geometry url="#ID194">
                        <bind_material>
                            <technique_common>
                                <instance_material symbol="Material2" target="#ID195">
                                    <bind_vertex_input semantic="UVSET0" input_semantic="TEXCOORD" input_set="0" />
                                </instance_material>
                            </technique_common>
                        </bind_material>
                    </instance_geometry>
                </node>
                <node id="ID202" name="group_28">
                    <matrix>0.5538579 0.01196179 -1.406968 814.7436 0.03562281 0.9986408 0.06430028 1216.798 0.8318488 -0.0507298 0.9340275 -66.52948 0 0 0 1</matrix>
                    <instance_geometry url="#ID203">
                        <bind_material>
                            <technique_common>
                                <instance_material symbol="Material2" target="#ID204">
                                    <bind_vertex_input semantic="UVSET0" input_semantic="TEXCOORD" input_set="0" />
                                </instance_material>
                            </technique_common>
                        </bind_material>
                    </instance_geometry>
                </node>
                <node id="ID211" name="group_29">
                    <matrix>0.5948558 0.02777455 1.357666 549.0236 0.04330782 0.996844 -0.1124394 1401.622 -0.8026649 0.07436851 1.000101 -9.114568 0 0 0 1</matrix>
                    <instance_geometry url="#ID212">
                        <bind_material>
                            <technique_common>
                                <instance_material symbol="Material2" target="#ID204">
                                    <bind_vertex_input semantic="UVSET0" input_semantic="TEXCOORD" input_set="0" />
                                </instance_material>
                            </technique_common>
                        </bind_material>
                    </instance_geometry>
                </node>
                <node id="ID218" name="instance_48">
                    <matrix>1 -0 0 589.1513 0 0 -1 1542.884 0 1 0 172.4664 0 0 0 1</matrix>
                    <instance_node url="#ID219" />
                </node>
                <node id="ID318" name="instance_49">
                    <matrix>-6.851164e-14 1 1.472911e-13 457.5505 0.8171449 1.408873e-13 -0.5764323 1104.796 -0.5764323 8.086587e-14 -0.8171449 321.7786 0 0 0 1</matrix>
                    <instance_node url="#ID319" />
                </node>
                <node id="ID399" name="instance_56">
                    <matrix>-6.851164e-14 1 1.472911e-13 702.5505 0.8171449 1.408873e-13 -0.5764323 1101.796 -0.5764323 8.086587e-14 -0.8171449 321.7786 0 0 0 1</matrix>
                    <instance_node url="#ID319" />
                </node>
                <node id="ID400" name="instance_57">
                    <matrix>-6.851164e-14 1 1.472911e-13 877.3932 0.8171449 1.408873e-13 -0.5764323 1104.019 -0.5764323 8.086587e-14 -0.8171449 321.7786 0 0 0 1</matrix>
                    <instance_node url="#ID319" />
                </node>
                <node id="ID401" name="instance_58">
                    <matrix>-6.851164e-14 1 1.472911e-13 861.3932 0.8171449 1.408873e-13 -0.5764323 1104.019 -0.5764323 8.086587e-14 -0.8171449 321.7786 0 0 0 1</matrix>
                    <instance_node url="#ID319" />
                </node>
                <node id="ID402" name="instance_59">
                    <matrix>-6.851164e-14 1 1.472911e-13 845.3932 0.8171449 1.408873e-13 -0.5764323 1104.019 -0.5764323 8.086587e-14 -0.8171449 321.7786 0 0 0 1</matrix>
                    <instance_node url="#ID319" />
                </node>
                <node id="ID403" name="instance_60">
                    <matrix>-6.851164e-14 1 1.472911e-13 518.5505 0.8171449 1.408873e-13 -0.5764323 1104.796 -0.5764323 8.086587e-14 -0.8171449 321.7786 0 0 0 1</matrix>
                    <instance_node url="#ID319" />
                </node>
                <node id="ID404" name="instance_61">
                    <matrix>-6.851164e-14 1 1.472911e-13 472.8005 0.8171449 1.408873e-13 -0.5764323 1104.796 -0.5764323 8.086587e-14 -0.8171449 321.7786 0 0 0 1</matrix>
                    <instance_node url="#ID319" />
                </node>
                <node id="ID405" name="instance_62">
                    <matrix>-6.851164e-14 1 1.472911e-13 488.0505 0.8171449 1.408873e-13 -0.5764323 1104.796 -0.5764323 8.086587e-14 -0.8171449 321.7786 0 0 0 1</matrix>
                    <instance_node url="#ID319" />
                </node>
                <node id="ID406" name="instance_63">
                    <matrix>-6.851164e-14 1 1.472911e-13 503.3005 0.8171449 1.408873e-13 -0.5764323 1104.796 -0.5764323 8.086587e-14 -0.8171449 321.7786 0 0 0 1</matrix>
                    <instance_node url="#ID319" />
                </node>
                <node id="ID407" name="instance_64">
                    <matrix>-6.851164e-14 1 1.472911e-13 718.5505 0.8171449 1.408873e-13 -0.5764323 1101.796 -0.5764323 8.086587e-14 -0.8171449 321.7786 0 0 0 1</matrix>
                    <instance_node url="#ID319" />
                </node>
                <node id="ID408" name="instance_65">
                    <matrix>-6.851164e-14 1 1.472911e-13 734.5505 0.8171449 1.408873e-13 -0.5764323 1101.796 -0.5764323 8.086587e-14 -0.8171449 321.7786 0 0 0 1</matrix>
                    <instance_node url="#ID319" />
                </node>
                <node id="ID409" name="instance_66">
                    <matrix>-6.851164e-14 1 1.472911e-13 750.5505 0.8171449 1.408873e-13 -0.5764323 1101.796 -0.5764323 8.086587e-14 -0.8171449 321.7786 0 0 0 1</matrix>
                    <instance_node url="#ID319" />
                </node>
                <node id="ID410" name="instance_67">
                    <matrix>-6.851164e-14 1 1.472911e-13 892.3932 0.8171449 1.408873e-13 -0.5764323 1104.019 -0.5764323 8.086587e-14 -0.8171449 321.7786 0 0 0 1</matrix>
                    <instance_node url="#ID319" />
                </node>
                <node id="ID411" name="instance_68">
                    <matrix>-6.851164e-14 1 1.472911e-13 907.3932 0.8171449 1.408873e-13 -0.5764323 1104.019 -0.5764323 8.086587e-14 -0.8171449 321.7786 0 0 0 1</matrix>
                    <instance_node url="#ID319" />
                </node>
                <node id="ID412" name="instance_69">
                    <matrix>-6.851164e-14 1 1.472911e-13 688.5505 0.8171449 1.408873e-13 -0.5764323 1101.796 -0.5764323 8.086587e-14 -0.8171449 321.7786 0 0 0 1</matrix>
                    <instance_node url="#ID319" />
                </node>
                <node id="ID413" name="instance_70">
                    <matrix>-6.851164e-14 1 1.472911e-13 674.5505 0.8171449 1.408873e-13 -0.5764323 1101.796 -0.5764323 8.086587e-14 -0.8171449 321.7786 0 0 0 1</matrix>
                    <instance_node url="#ID319" />
                </node>
                <node id="ID414" name="instance_71">
                    <matrix>-6.851164e-14 1 1.472911e-13 660.5505 0.8171449 1.408873e-13 -0.5764323 1101.796 -0.5764323 8.086587e-14 -0.8171449 321.7786 0 0 0 1</matrix>
                    <instance_node url="#ID319" />
                </node>
                <node id="ID415" name="instance_72">
                    <matrix>0.8660254 1.748601e-14 -0.5 334.3314 1.514333e-14 -1 -8.743006e-15 1293.533 -0.5 3.960082e-28 -0.8660254 321.1484 0 0 0 1</matrix>
                    <instance_node url="#ID319" />
                </node>
                <node id="ID416" name="instance_73">
                    <matrix>0.8660254 1.748601e-14 -0.5 334.3314 1.514333e-14 -1 -8.743006e-15 1377.533 -0.5 3.960082e-28 -0.8660254 321.1484 0 0 0 1</matrix>
                    <instance_node url="#ID319" />
                </node>
                <node id="ID417" name="instance_74">
                    <matrix>0.8660254 1.748601e-14 -0.5 334.3314 1.514333e-14 -1 -8.743006e-15 1314.533 -0.5 3.960082e-28 -0.8660254 321.1484 0 0 0 1</matrix>
                    <instance_node url="#ID319" />
                </node>
                <node id="ID418" name="instance_75">
                    <matrix>0.8660254 1.748601e-14 -0.5 334.3314 1.514333e-14 -1 -8.743006e-15 1335.533 -0.5 3.960082e-28 -0.8660254 321.1484 0 0 0 1</matrix>
                    <instance_node url="#ID319" />
                </node>
                <node id="ID419" name="instance_76">
                    <matrix>0.8660254 1.748601e-14 -0.5 334.3314 1.514333e-14 -1 -8.743006e-15 1356.533 -0.5 3.960082e-28 -0.8660254 321.1484 0 0 0 1</matrix>
                    <instance_node url="#ID319" />
                </node>
                <node id="ID420" name="instance_77">
                    <matrix>-0.8660254 0 0.5 1055.658 0 1 0 1476.932 -0.5 0 -0.8660254 321.3517 0 0 0 1</matrix>
                    <instance_node url="#ID319" />
                </node>
                <node id="ID421" name="instance_78">
                    <matrix>-0.8660254 0 0.5 1055.658 0 1 0 1337.932 -0.5 0 -0.8660254 321.3517 0 0 0 1</matrix>
                    <instance_node url="#ID319" />
                </node>
                <node id="ID422" name="instance_79">
                    <matrix>-0.8660254 0 0.5 1055.658 0 1 0 1453.766 -0.5 0 -0.8660254 321.3517 0 0 0 1</matrix>
                    <instance_node url="#ID319" />
                </node>
                <node id="ID423" name="instance_80">
                    <matrix>-0.8660254 0 0.5 1055.658 0 1 0 1430.599 -0.5 0 -0.8660254 321.3517 0 0 0 1</matrix>
                    <instance_node url="#ID319" />
                </node>
                <node id="ID424" name="instance_81">
                    <matrix>-0.8660254 0 0.5 1055.658 0 1 0 1407.432 -0.5 0 -0.8660254 321.3517 0 0 0 1</matrix>
                    <instance_node url="#ID319" />
                </node>
                <node id="ID425" name="instance_82">
                    <matrix>-0.8660254 0 0.5 1055.658 0 1 0 1384.266 -0.5 0 -0.8660254 321.3517 0 0 0 1</matrix>
                    <instance_node url="#ID319" />
                </node>
                <node id="ID426" name="instance_83">
                    <matrix>-0.8660254 0 0.5 1055.658 0 1 0 1361.099 -0.5 0 -0.8660254 321.3517 0 0 0 1</matrix>
                    <instance_node url="#ID319" />
                </node>
                <node id="ID427" name="instance_84">
                    <matrix>1 -0 0 990.4875 0 0 -1 1542.884 0 1 0 279.8854 0 0 0 1</matrix>
                    <instance_node url="#ID428" />
                </node>
                <node id="ID456" name="instance_89">
                    <matrix>1 -0 0 404.4875 0 0 -1 1542.884 0 1 0 279.8854 0 0 0 1</matrix>
                    <instance_node url="#ID457" />
                </node>
                <node id="ID481" name="instance_90">
                    <matrix>0.790349 -0.6126568 0 643.7246 0.6126568 0.790349 0 1398.349 -0 0 1 72 0 0 0 1</matrix>
                    <instance_node url="#ID482" />
                </node>
            </node>
        </visual_scene>
    </library_visual_scenes>
    <library_nodes>
        <node id="ID5" name="Stage-Support02c">
            <node id="ID6" name="group_1">
                <matrix>1 0 0 0 0 1 0 0 0 0 1 0 0 0 0 1</matrix>
                <node id="ID7" name="group_2">
                    <matrix>-0.9999942 0.003417466 -8.765096e-32 16.99648 -0.003417466 -0.9999942 -1.497725e-34 17.05459 -8.765096e-32 1.497725e-34 1 0.5 0 0 0 1</matrix>
                    <node id="ID8" name="instance_1">
                        <matrix>1 0 0 1 0 1 0 1.136868e-13 0 0 1 95.5 0 0 0 1</matrix>
                        <instance_node url="#ID9" />
                    </node>
                    <node id="ID24" name="instance_2">
                        <matrix>1 0 0 1 0 1 0 5.684342e-14 0 0 1 47.5 0 0 0 1</matrix>
                        <instance_node url="#ID9" />
                    </node>
                    <node id="ID25" name="instance_3">
                        <matrix>0.9995121 0 -0.624695 1.624695 0 1 1.824607e-48 5.684342e-14 0.7996097 0 0.7808688 35.71913 0 0 0 1</matrix>
                        <instance_node url="#ID9" />
                    </node>
                    <node id="ID26" name="instance_4">
                        <matrix>1 0 0 2.174932e-45 0 1 0 0 0 0 1 0.5 0 0 0 1</matrix>
                        <instance_node url="#ID27" />
                    </node>
                    <node id="ID38" name="instance_5">
                        <matrix>1 0 0 1 0 1 0 0 0 0 1 35.5 0 0 0 1</matrix>
                        <instance_node url="#ID9" />
                    </node>
                    <node id="ID39" name="instance_6">
                        <matrix>1 0 0 1 0 1 0 0 0 0 1 23.5 0 0 0 1</matrix>
                        <instance_node url="#ID9" />
                    </node>
                    <node id="ID40" name="instance_7">
                        <matrix>1 0 0 1 0 1 0 1.136868e-13 0 0 1 107.5 0 0 0 1</matrix>
                        <instance_node url="#ID9" />
                    </node>
                    <node id="ID41" name="instance_8">
                        <matrix>1 0 0 1 0 1 0 0 0 0 1 119.5 0 0 0 1</matrix>
                        <instance_node url="#ID9" />
                    </node>
                    <node id="ID42" name="instance_9">
                        <matrix>1 0 0 1 0 1 0 1.136868e-13 0 0 1 83.5 0 0 0 1</matrix>
                        <instance_node url="#ID9" />
                    </node>
                    <node id="ID43" name="instance_10">
                        <matrix>0.9995121 0 -0.624695 1.624695 0 1 1.824607e-48 0 0.7996097 0 0.7808688 23.71913 0 0 0 1</matrix>
                        <instance_node url="#ID9" />
                    </node>
                    <node id="ID44" name="instance_11">
                        <matrix>0.9995121 0 -0.624695 1.624695 0 1 1.824607e-48 1.136868e-13 0.7996097 0 0.7808688 107.7191 0 0 0 1</matrix>
                        <instance_node url="#ID9" />
                    </node>
                    <node id="ID45" name="instance_12">
                        <matrix>0.9995121 0 -0.624695 1.624695 0 1 1.824607e-48 0 0.7996097 0 0.7808688 11.71913 0 0 0 1</matrix>
                        <instance_node url="#ID9" />
                    </node>
                    <node id="ID46" name="instance_13">
                        <matrix>0.9995121 0 -0.624695 1.624695 0 1 1.824607e-48 5.684342e-14 0.7996097 0 0.7808688 47.71913 0 0 0 1</matrix>
                        <instance_node url="#ID9" />
                    </node>
                    <node id="ID47" name="instance_14">
                        <matrix>1 0 0 1 0 1 0 5.684342e-14 0 0 1 71.5 0 0 0 1</matrix>
                        <instance_node url="#ID9" />
                    </node>
                    <node id="ID48" name="instance_15">
                        <matrix>0.9995121 0 -0.624695 1.624695 0 1 1.824607e-48 5.684342e-14 0.7996097 0 0.7808688 71.71913 0 0 0 1</matrix>
                        <instance_node url="#ID9" />
                    </node>
                    <node id="ID49" name="instance_16">
                        <matrix>1 0 0 1 0 1 0 5.684342e-14 0 0 1 59.5 0 0 0 1</matrix>
                        <instance_node url="#ID9" />
                    </node>
                    <node id="ID50" name="instance_17">
                        <matrix>0.9995121 0 -0.624695 1.624695 0 1 1.824607e-48 0 0.7996097 0 0.7808688 -0.2808688 0 0 0 1</matrix>
                        <instance_node url="#ID9" />
                    </node>
                    <node id="ID51" name="instance_18">
                        <matrix>0.9995121 0 -0.624695 1.624695 0 1 1.824607e-48 5.684342e-14 0.7996097 0 0.7808688 59.71913 0 0 0 1</matrix>
                        <instance_node url="#ID9" />
                    </node>
                    <node id="ID52" name="instance_19">
                        <matrix>1 0 0 1 0 1 0 0 0 0 1 -0.5 0 0 0 1</matrix>
                        <instance_node url="#ID9" />
                    </node>
                    <node id="ID53" name="instance_20">
                        <matrix>1 0 0 1 0 1 0 0 0 0 1 11.5 0 0 0 1</matrix>
                        <instance_node url="#ID9" />
                    </node>
                    <node id="ID54" name="instance_21">
                        <matrix>0.9995121 0 -0.624695 1.624695 0 1 1.824607e-48 1.136868e-13 0.7996097 0 0.7808688 95.71913 0 0 0 1</matrix>
                        <instance_node url="#ID9" />
                    </node>
                    <node id="ID55" name="instance_22">
                        <matrix>0.9995121 0 -0.624695 1.624695 0 1 1.824607e-48 5.684342e-14 0.7996097 0 0.7808688 83.71913 0 0 0 1</matrix>
                        <instance_node url="#ID9" />
                    </node>
                </node>
                <node id="ID56" name="group_3">
                    <matrix>1 0 0 0.05125615 0 1 0 3.552714e-13 0 0 1 0.5 0 0 0 1</matrix>
                    <node id="ID57" name="instance_1">
                        <matrix>1 0 0 1 0 1 0 1.136868e-13 0 0 1 95.5 0 0 0 1</matrix>
                        <instance_node url="#ID9" />
                    </node>
                    <node id="ID58" name="instance_2">
                        <matrix>1 0 0 1 0 1 0 5.684342e-14 0 0 1 47.5 0 0 0 1</matrix>
                        <instance_node url="#ID9" />
                    </node>
                    <node id="ID59" name="instance_3">
                        <matrix>0.9995121 0 -0.624695 1.624695 0 1 1.824607e-48 5.684342e-14 0.7996097 0 0.7808688 35.71913 0 0 0 1</matrix>
                        <instance_node url="#ID9" />
                    </node>
                    <node id="ID60" name="instance_4">
                        <matrix>1 0 0 2.174932e-45 0 1 0 0 0 0 1 0.5 0 0 0 1</matrix>
                        <instance_node url="#ID27" />
                    </node>
                    <node id="ID61" name="instance_5">
                        <matrix>1 0 0 1 0 1 0 0 0 0 1 35.5 0 0 0 1</matrix>
                        <instance_node url="#ID9" />
                    </node>
                    <node id="ID62" name="instance_6">
                        <matrix>1 0 0 1 0 1 0 0 0 0 1 23.5 0 0 0 1</matrix>
                        <instance_node url="#ID9" />
                    </node>
                    <node id="ID63" name="instance_7">
                        <matrix>1 0 0 1 0 1 0 1.136868e-13 0 0 1 107.5 0 0 0 1</matrix>
                        <instance_node url="#ID9" />
                    </node>
                    <node id="ID64" name="instance_8">
                        <matrix>1 0 0 1 0 1 0 0 0 0 1 119.5 0 0 0 1</matrix>
                        <instance_node url="#ID9" />
                    </node>
                    <node id="ID65" name="instance_9">
                        <matrix>1 0 0 1 0 1 0 1.136868e-13 0 0 1 83.5 0 0 0 1</matrix>
                        <instance_node url="#ID9" />
                    </node>
                    <node id="ID66" name="instance_10">
